20210105
20210109
20210110
20210111
20210116
20210117
20210123
20210124
20210130
20210131
20210206
20210207
20210213
20210214
20210220
20210221
20210227
20210228
20210306
20210307
20210313
20210314
20210320
20210321
20210327
20210328
20210403
20210404
20210410
20210411
20210417
20210418
20210424
20210425
20210501
20210502
20210508
20210509
20210515
20210516
20210522
20210523
20210529
20210530
20210605
20210606
20210612
20210613
20210619
20210620
20210626
20210627
20210703
20210704
20210710
20210711
20210717
20210718
20210724
20210725
20210731
20210801
20210807
20210808
20210814
20210815
20210821
20210822
20210828
20210829
20210904
20210905
20210911
20210912
20210918
20210919
20210920
20210925
20210926
20211002
20211003
20211009
20211010
20211016
20211017
20211023
20211024
20211030
20211031
20211106
20211107
20211113
20211114
20211120
20211121
20211127
20211128
20211204
20211205
20211211
20211212
20211218
20211219
20211225
20211226
20211228