202201010101
202201010102
202201010103
202201010104
202201010105
202201010106
202201010107
202201010108
202201010109
202201010110
202201010111
202201010112
202201010201
202201010202
202201010203
202201010204
202201010205
202201010206
202201010207
202201010208
202201010209
202201010210
202201010211
202201010212
202201010301
202201010302
202201010303
202201010304
202201010305
202201010306
202201010307
202201010308
202201010309
202201010310
202201010311
202201010312
202201010401
202201010402
202201010403
202201010404
202201010405
202201010406
202201010407
202201010408
202201010409
202201010410
202201010411
202201010412
202201010501
202201010502
202201010503
202201010504
202201010505
202201010506
202201010507
202201010508
202201010509
202201010510
202201010511
202201010512
202201010601
202201010602
202201010603
202201010604
202201010605
202201010606
202201010607
202201010608
202201010609
202201010610
202201010611
202201010612
202201020101
202201020102
202201020103
202201020104
202201020105
202201020106
202201020107
202201020108
202201020109
202201020110
202201020111
202201020112
202201020201
202201020202
202201020203
202201020204
202201020205
202201020206
202201020207
202201020208
202201020209
202201020210
202201020211
202201020212
202201020301
202201020302
202201020303
202201020304
202201020305
202201020306
202201020307
202201020308
202201020309
202201020310
202201020311
202201020312
202201020401
202201020402
202201020403
202201020404
202201020405
202201020406
202201020407
202201020408
202201020409
202201020410
202201020411
202201020412
202201020501
202201020502
202201020503
202201020504
202201020505
202201020506
202201020507
202201020508
202201020509
202201020510
202201020511
202201020512
202201020601
202201020602
202201020603
202201020604
202201020605
202201020606
202201020607
202201020608
202201020609
202201020610
202201020611
202201020612
202201020701
202201020702
202201020703
202201020704
202201020705
202201020706
202201020707
202201020708
202201020709
202201020710
202201020711
202201020712
202201020801
202201020802
202201020803
202201020804
202201020805
202201020806
202201020807
202201020808
202201020809
202201020810
202201020811
202201020812
202202010101
202202010102
202202010103
202202010104
202202010105
202202010106
202202010107
202202010108
202202010109
202202010110
202202010111
202202010112
202202010201
202202010202
202202010203
202202010204
202202010205
202202010206
202202010207
202202010208
202202010209
202202010210
202202010211
202202010212
202202010301
202202010302
202202010303
202202010304
202202010305
202202010306
202202010307
202202010308
202202010309
202202010310
202202010311
202202010312
202202010401
202202010402
202202010403
202202010404
202202010405
202202010406
202202010407
202202010408
202202010409
202202010410
202202010411
202202010412
202202010501
202202010502
202202010503
202202010504
202202010505
202202010506
202202010507
202202010508
202202010509
202202010510
202202010511
202202010512
202202010601
202202010602
202202010603
202202010604
202202010605
202202010606
202202010607
202202010608
202202010609
202202010610
202202010611
202202010612
202202010701
202202010702
202202010703
202202010704
202202010705
202202010706
202202010707
202202010708
202202010709
202202010710
202202010711
202202010712
202202010801
202202010802
202202010803
202202010804
202202010805
202202010806
202202010807
202202010808
202202010809
202202010810
202202010811
202202010812
202202010901
202202010902
202202010903
202202010904
202202010905
202202010906
202202010907
202202010908
202202010909
202202010910
202202010911
202202010912
202202011001
202202011002
202202011003
202202011004
202202011005
202202011006
202202011007
202202011008
202202011009
202202011010
202202011011
202202011012
202202011101
202202011102
202202011103
202202011104
202202011105
202202011106
202202011107
202202011108
202202011109
202202011110
202202011111
202202011112
202202011201
202202011202
202202011203
202202011204
202202011205
202202011206
202202011207
202202011208
202202011209
202202011210
202202011211
202202011212
202203010101
202203010102
202203010103
202203010104
202203010105
202203010106
202203010107
202203010108
202203010109
202203010110
202203010111
202203010112
202203010201
202203010202
202203010203
202203010204
202203010205
202203010206
202203010207
202203010208
202203010209
202203010210
202203010211
202203010212
202203010301
202203010302
202203010303
202203010304
202203010305
202203010306
202203010307
202203010308
202203010309
202203010310
202203010311
202203010312
202203010401
202203010402
202203010403
202203010404
202203010405
202203010406
202203010407
202203010408
202203010409
202203010410
202203010411
202203010412
202203010501
202203010502
202203010503
202203010504
202203010505
202203010506
202203010507
202203010508
202203010509
202203010510
202203010511
202203010512
202203010601
202203010602
202203010603
202203010604
202203010605
202203010606
202203010607
202203010608
202203010609
202203010610
202203010611
202203010612
202203020101
202203020102
202203020103
202203020104
202203020105
202203020106
202203020107
202203020108
202203020109
202203020110
202203020111
202203020112
202203020201
202203020202
202203020203
202203020204
202203020205
202203020206
202203020207
202203020208
202203020209
202203020210
202203020211
202203020212
202203020301
202203020302
202203020303
202203020304
202203020305
202203020306
202203020307
202203020308
202203020309
202203020310
202203020311
202203020312
202203020401
202203020402
202203020403
202203020404
202203020405
202203020406
202203020407
202203020408
202203020409
202203020410
202203020411
202203020412
202203020501
202203020502
202203020503
202203020504
202203020505
202203020506
202203020507
202203020508
202203020509
202203020510
202203020511
202203020512
202203020601
202203020602
202203020603
202203020604
202203020605
202203020606
202203020607
202203020608
202203020609
202203020610
202203020611
202203020612
202203020701
202203020702
202203020703
202203020704
202203020705
202203020706
202203020707
202203020708
202203020709
202203020710
202203020711
202203020712
202203020801
202203020802
202203020803
202203020804
202203020805
202203020806
202203020807
202203020808
202203020809
202203020810
202203020811
202203020812
202203030101
202203030102
202203030103
202203030104
202203030105
202203030106
202203030107
202203030108
202203030109
202203030110
202203030111
202203030112
202203030201
202203030202
202203030203
202203030204
202203030205
202203030206
202203030207
202203030208
202203030209
202203030210
202203030211
202203030212
202203030301
202203030302
202203030303
202203030304
202203030305
202203030306
202203030307
202203030308
202203030309
202203030310
202203030311
202203030312
202203030401
202203030402
202203030403
202203030404
202203030405
202203030406
202203030407
202203030408
202203030409
202203030410
202203030411
202203030412
202203030501
202203030502
202203030503
202203030504
202203030505
202203030506
202203030507
202203030508
202203030509
202203030510
202203030511
202203030512
202203030601
202203030602
202203030603
202203030604
202203030605
202203030606
202203030607
202203030608
202203030609
202203030610
202203030611
202203030612
202204010101
202204010102
202204010103
202204010104
202204010105
202204010106
202204010107
202204010108
202204010109
202204010110
202204010111
202204010112
202204010201
202204010202
202204010203
202204010204
202204010205
202204010206
202204010207
202204010208
202204010209
202204010210
202204010211
202204010212
202204010301
202204010302
202204010303
202204010304
202204010305
202204010306
202204010307
202204010308
202204010309
202204010310
202204010311
202204010312
202204010401
202204010402
202204010403
202204010404
202204010405
202204010406
202204010407
202204010408
202204010409
202204010410
202204010411
202204010412
202204010501
202204010502
202204010503
202204010504
202204010505
202204010506
202204010507
202204010508
202204010509
202204010510
202204010511
202204010512
202204010601
202204010602
202204010603
202204010604
202204010605
202204010606
202204010607
202204010608
202204010609
202204010610
202204010611
202204010612
202204010701
202204010702
202204010703
202204010704
202204010705
202204010706
202204010707
202204010708
202204010709
202204010710
202204010711
202204010712
202204010801
202204010802
202204010803
202204010804
202204010805
202204010806
202204010807
202204010808
202204010809
202204010810
202204010811
202204010812
202204020101
202204020102
202204020103
202204020104
202204020105
202204020106
202204020107
202204020108
202204020109
202204020110
202204020111
202204020112
202204020201
202204020202
202204020203
202204020204
202204020205
202204020206
202204020207
202204020208
202204020209
202204020210
202204020211
202204020212
202204020301
202204020302
202204020303
202204020304
202204020305
202204020306
202204020307
202204020308
202204020309
202204020310
202204020311
202204020312
202204020401
202204020402
202204020403
202204020404
202204020405
202204020406
202204020407
202204020408
202204020409
202204020410
202204020411
202204020412
202204030101
202204030102
202204030103
202204030104
202204030105
202204030106
202204030107
202204030108
202204030109
202204030110
202204030111
202204030112
202204030201
202204030202
202204030203
202204030204
202204030205
202204030206
202204030207
202204030208
202204030209
202204030210
202204030211
202204030212
202204030301
202204030302
202204030303
202204030304
202204030305
202204030306
202204030307
202204030308
202204030309
202204030310
202204030311
202204030312
202204030401
202204030402
202204030403
202204030404
202204030405
202204030406
202204030407
202204030408
202204030409
202204030410
202204030411
202204030412
202204030501
202204030502
202204030503
202204030504
202204030505
202204030506
202204030507
202204030508
202204030509
202204030510
202204030511
202204030512
202204030601
202204030602
202204030603
202204030604
202204030605
202204030606
202204030607
202204030608
202204030609
202204030610
202204030611
202204030612
202204030701
202204030702
202204030703
202204030704
202204030705
202204030706
202204030707
202204030708
202204030709
202204030710
202204030711
202204030712
202204030801
202204030802
202204030803
202204030804
202204030805
202204030806
202204030807
202204030808
202204030809
202204030810
202204030811
202204030812
202204040101
202204040102
202204040103
202204040104
202204040105
202204040106
202204040107
202204040108
202204040109
202204040110
202204040111
202204040112
202204040201
202204040202
202204040203
202204040204
202204040205
202204040206
202204040207
202204040208
202204040209
202204040210
202204040211
202204040212
202204040301
202204040302
202204040303
202204040304
202204040305
202204040306
202204040307
202204040308
202204040309
202204040310
202204040311
202204040312
202204040401
202204040402
202204040403
202204040404
202204040405
202204040406
202204040407
202204040408
202204040409
202204040410
202204040411
202204040412
202204040501
202204040502
202204040503
202204040504
202204040505
202204040506
202204040507
202204040508
202204040509
202204040510
202204040511
202204040512
202204040601
202204040602
202204040603
202204040604
202204040605
202204040606
202204040607
202204040608
202204040609
202204040610
202204040611
202204040612
202205010101
202205010102
202205010103
202205010104
202205010105
202205010106
202205010107
202205010108
202205010109
202205010110
202205010111
202205010112
202205010201
202205010202
202205010203
202205010204
202205010205
202205010206
202205010207
202205010208
202205010209
202205010210
202205010211
202205010212
202205010301
202205010302
202205010303
202205010304
202205010305
202205010306
202205010307
202205010308
202205010309
202205010310
202205010311
202205010312
202205010401
202205010402
202205010403
202205010404
202205010405
202205010406
202205010407
202205010408
202205010409
202205010410
202205010411
202205010412
202205010501
202205010502
202205010503
202205010504
202205010505
202205010506
202205010507
202205010508
202205010509
202205010510
202205010511
202205010512
202205010601
202205010602
202205010603
202205010604
202205010605
202205010606
202205010607
202205010608
202205010609
202205010610
202205010611
202205010612
202205010701
202205010702
202205010703
202205010704
202205010705
202205010706
202205010707
202205010708
202205010709
202205010710
202205010711
202205010712
202205010801
202205010802
202205010803
202205010804
202205010805
202205010806
202205010807
202205010808
202205010809
202205010810
202205010811
202205010812
202205020101
202205020102
202205020103
202205020104
202205020105
202205020106
202205020107
202205020108
202205020109
202205020110
202205020111
202205020112
202205020201
202205020202
202205020203
202205020204
202205020205
202205020206
202205020207
202205020208
202205020209
202205020210
202205020211
202205020212
202205020301
202205020302
202205020303
202205020304
202205020305
202205020306
202205020307
202205020308
202205020309
202205020310
202205020311
202205020312
202205020401
202205020402
202205020403
202205020404
202205020405
202205020406
202205020407
202205020408
202205020409
202205020410
202205020411
202205020412
202205020501
202205020502
202205020503
202205020504
202205020505
202205020506
202205020507
202205020508
202205020509
202205020510
202205020511
202205020512
202205020601
202205020602
202205020603
202205020604
202205020605
202205020606
202205020607
202205020608
202205020609
202205020610
202205020611
202205020612
202205020701
202205020702
202205020703
202205020704
202205020705
202205020706
202205020707
202205020708
202205020709
202205020710
202205020711
202205020712
202205020801
202205020802
202205020803
202205020804
202205020805
202205020806
202205020807
202205020808
202205020809
202205020810
202205020811
202205020812
202205020901
202205020902
202205020903
202205020904
202205020905
202205020906
202205020907
202205020908
202205020909
202205020910
202205020911
202205020912
202205021001
202205021002
202205021003
202205021004
202205021005
202205021006
202205021007
202205021008
202205021009
202205021010
202205021011
202205021012
202205021101
202205021102
202205021103
202205021104
202205021105
202205021106
202205021107
202205021108
202205021109
202205021110
202205021111
202205021112
202205021201
202205021202
202205021203
202205021204
202205021205
202205021206
202205021207
202205021208
202205021209
202205021210
202205021211
202205021212
202205030101
202205030102
202205030103
202205030104
202205030105
202205030106
202205030107
202205030108
202205030109
202205030110
202205030111
202205030112
202205030201
202205030202
202205030203
202205030204
202205030205
202205030206
202205030207
202205030208
202205030209
202205030210
202205030211
202205030212
202205030301
202205030302
202205030303
202205030304
202205030305
202205030306
202205030307
202205030308
202205030309
202205030310
202205030311
202205030312
202205030401
202205030402
202205030403
202205030404
202205030405
202205030406
202205030407
202205030408
202205030409
202205030410
202205030411
202205030412
202205030501
202205030502
202205030503
202205030504
202205030505
202205030506
202205030507
202205030508
202205030509
202205030510
202205030511
202205030512
202205030601
202205030602
202205030603
202205030604
202205030605
202205030606
202205030607
202205030608
202205030609
202205030610
202205030611
202205030612
202205030701
202205030702
202205030703
202205030704
202205030705
202205030706
202205030707
202205030708
202205030709
202205030710
202205030711
202205030712
202205030801
202205030802
202205030803
202205030804
202205030805
202205030806
202205030807
202205030808
202205030809
202205030810
202205030811
202205030812
202205040101
202205040102
202205040103
202205040104
202205040105
202205040106
202205040107
202205040108
202205040109
202205040110
202205040111
202205040112
202205040201
202205040202
202205040203
202205040204
202205040205
202205040206
202205040207
202205040208
202205040209
202205040210
202205040211
202205040212
202205040301
202205040302
202205040303
202205040304
202205040305
202205040306
202205040307
202205040308
202205040309
202205040310
202205040311
202205040312
202205040401
202205040402
202205040403
202205040404
202205040405
202205040406
202205040407
202205040408
202205040409
202205040410
202205040411
202205040412
202205040501
202205040502
202205040503
202205040504
202205040505
202205040506
202205040507
202205040508
202205040509
202205040510
202205040511
202205040512
202205040601
202205040602
202205040603
202205040604
202205040605
202205040606
202205040607
202205040608
202205040609
202205040610
202205040611
202205040612
202205040701
202205040702
202205040703
202205040704
202205040705
202205040706
202205040707
202205040708
202205040709
202205040710
202205040711
202205040712
202205040801
202205040802
202205040803
202205040804
202205040805
202205040806
202205040807
202205040808
202205040809
202205040810
202205040811
202205040812
202205040901
202205040902
202205040903
202205040904
202205040905
202205040906
202205040907
202205040908
202205040909
202205040910
202205040911
202205040912
202205050101
202205050102
202205050103
202205050104
202205050105
202205050106
202205050107
202205050108
202205050109
202205050110
202205050111
202205050112
202205050201
202205050202
202205050203
202205050204
202205050205
202205050206
202205050207
202205050208
202205050209
202205050210
202205050211
202205050212
202205050301
202205050302
202205050303
202205050304
202205050305
202205050306
202205050307
202205050308
202205050309
202205050310
202205050311
202205050312
202205050401
202205050402
202205050403
202205050404
202205050405
202205050406
202205050407
202205050408
202205050409
202205050410
202205050411
202205050412
202205050501
202205050502
202205050503
202205050504
202205050505
202205050506
202205050507
202205050508
202205050509
202205050510
202205050511
202205050512
202205050601
202205050602
202205050603
202205050604
202205050605
202205050606
202205050607
202205050608
202205050609
202205050610
202205050611
202205050612
202205050701
202205050702
202205050703
202205050704
202205050705
202205050706
202205050707
202205050708
202205050709
202205050710
202205050711
202205050712
202205050801
202205050802
202205050803
202205050804
202205050805
202205050806
202205050807
202205050808
202205050809
202205050810
202205050811
202205050812
202206010101
202206010102
202206010103
202206010104
202206010105
202206010106
202206010107
202206010108
202206010109
202206010110
202206010111
202206010112
202206010201
202206010202
202206010203
202206010204
202206010205
202206010206
202206010207
202206010208
202206010209
202206010210
202206010211
202206010212
202206010301
202206010302
202206010303
202206010304
202206010305
202206010306
202206010307
202206010308
202206010309
202206010310
202206010311
202206010312
202206010401
202206010402
202206010403
202206010404
202206010405
202206010406
202206010407
202206010408
202206010409
202206010410
202206010411
202206010412
202206010501
202206010502
202206010503
202206010504
202206010505
202206010506
202206010507
202206010508
202206010509
202206010510
202206010511
202206010512
202206010601
202206010602
202206010603
202206010604
202206010605
202206010606
202206010607
202206010608
202206010609
202206010610
202206010611
202206010612
202206010701
202206010702
202206010703
202206010704
202206010705
202206010706
202206010707
202206010708
202206010709
202206010710
202206010711
202206010712
202206010801
202206010802
202206010803
202206010804
202206010805
202206010806
202206010807
202206010808
202206010809
202206010810
202206010811
202206010812
202206020101
202206020102
202206020103
202206020104
202206020105
202206020106
202206020107
202206020108
202206020109
202206020110
202206020111
202206020112
202206020201
202206020202
202206020203
202206020204
202206020205
202206020206
202206020207
202206020208
202206020209
202206020210
202206020211
202206020212
202206020301
202206020302
202206020303
202206020304
202206020305
202206020306
202206020307
202206020308
202206020309
202206020310
202206020311
202206020312
202206020401
202206020402
202206020403
202206020404
202206020405
202206020406
202206020407
202206020408
202206020409
202206020410
202206020411
202206020412
202206020501
202206020502
202206020503
202206020504
202206020505
202206020506
202206020507
202206020508
202206020509
202206020510
202206020511
202206020512
202206020601
202206020602
202206020603
202206020604
202206020605
202206020606
202206020607
202206020608
202206020609
202206020610
202206020611
202206020612
202206020701
202206020702
202206020703
202206020704
202206020705
202206020706
202206020707
202206020708
202206020709
202206020710
202206020711
202206020712
202206020801
202206020802
202206020803
202206020804
202206020805
202206020806
202206020807
202206020808
202206020809
202206020810
202206020811
202206020812
202206030101
202206030102
202206030103
202206030104
202206030105
202206030106
202206030107
202206030108
202206030109
202206030110
202206030111
202206030112
202206030201
202206030202
202206030203
202206030204
202206030205
202206030206
202206030207
202206030208
202206030209
202206030210
202206030211
202206030212
202206030301
202206030302
202206030303
202206030304
202206030305
202206030306
202206030307
202206030308
202206030309
202206030310
202206030311
202206030312
202206030401
202206030402
202206030403
202206030404
202206030405
202206030406
202206030407
202206030408
202206030409
202206030410
202206030411
202206030412
202206030501
202206030502
202206030503
202206030504
202206030505
202206030506
202206030507
202206030508
202206030509
202206030510
202206030511
202206030512
202206030601
202206030602
202206030603
202206030604
202206030605
202206030606
202206030607
202206030608
202206030609
202206030610
202206030611
202206030612
202206030701
202206030702
202206030703
202206030704
202206030705
202206030706
202206030707
202206030708
202206030709
202206030710
202206030711
202206030712
202206030801
202206030802
202206030803
202206030804
202206030805
202206030806
202206030807
202206030808
202206030809
202206030810
202206030811
202206030812
202206040101
202206040102
202206040103
202206040104
202206040105
202206040106
202206040107
202206040108
202206040109
202206040110
202206040111
202206040112
202206040201
202206040202
202206040203
202206040204
202206040205
202206040206
202206040207
202206040208
202206040209
202206040210
202206040211
202206040212
202206040301
202206040302
202206040303
202206040304
202206040305
202206040306
202206040307
202206040308
202206040309
202206040310
202206040311
202206040312
202206040401
202206040402
202206040403
202206040404
202206040405
202206040406
202206040407
202206040408
202206040409
202206040410
202206040411
202206040412
202206040501
202206040502
202206040503
202206040504
202206040505
202206040506
202206040507
202206040508
202206040509
202206040510
202206040511
202206040512
202206040601
202206040602
202206040603
202206040604
202206040605
202206040606
202206040607
202206040608
202206040609
202206040610
202206040611
202206040612
202206040701
202206040702
202206040703
202206040704
202206040705
202206040706
202206040707
202206040708
202206040709
202206040710
202206040711
202206040712
202206040801
202206040802
202206040803
202206040804
202206040805
202206040806
202206040807
202206040808
202206040809
202206040810
202206040811
202206040812
202206040901
202206040902
202206040903
202206040904
202206040905
202206040906
202206040907
202206040908
202206040909
202206040910
202206040911
202206040912
202206050101
202206050102
202206050103
202206050104
202206050105
202206050106
202206050107
202206050108
202206050109
202206050110
202206050111
202206050112
202206050201
202206050202
202206050203
202206050204
202206050205
202206050206
202206050207
202206050208
202206050209
202206050210
202206050211
202206050212
202206050301
202206050302
202206050303
202206050304
202206050305
202206050306
202206050307
202206050308
202206050309
202206050310
202206050311
202206050312
202206050401
202206050402
202206050403
202206050404
202206050405
202206050406
202206050407
202206050408
202206050409
202206050410
202206050411
202206050412
202206050501
202206050502
202206050503
202206050504
202206050505
202206050506
202206050507
202206050508
202206050509
202206050510
202206050511
202206050512
202206050601
202206050602
202206050603
202206050604
202206050605
202206050606
202206050607
202206050608
202206050609
202206050610
202206050611
202206050612
202206050701
202206050702
202206050703
202206050704
202206050705
202206050706
202206050707
202206050708
202206050709
202206050710
202206050711
202206050712
202206050801
202206050802
202206050803
202206050804
202206050805
202206050806
202206050807
202206050808
202206050809
202206050810
202206050811
202206050812
202206050901
202206050902
202206050903
202206050904
202206050905
202206050906
202206050907
202206050908
202206050909
202206050910
202206050911
202206050912
202207010101
202207010102
202207010103
202207010104
202207010105
202207010106
202207010107
202207010108
202207010109
202207010110
202207010111
202207010112
202207010201
202207010202
202207010203
202207010204
202207010205
202207010206
202207010207
202207010208
202207010209
202207010210
202207010211
202207010212
202207010301
202207010302
202207010303
202207010304
202207010305
202207010306
202207010307
202207010308
202207010309
202207010310
202207010311
202207010312
202207010401
202207010402
202207010403
202207010404
202207010405
202207010406
202207010407
202207010408
202207010409
202207010410
202207010411
202207010412
202207010501
202207010502
202207010503
202207010504
202207010505
202207010506
202207010507
202207010508
202207010509
202207010510
202207010511
202207010512
202207010601
202207010602
202207010603
202207010604
202207010605
202207010606
202207010607
202207010608
202207010609
202207010610
202207010611
202207010612
202207010701
202207010702
202207010703
202207010704
202207010705
202207010706
202207010707
202207010708
202207010709
202207010710
202207010711
202207010712
202207010801
202207010802
202207010803
202207010804
202207010805
202207010806
202207010807
202207010808
202207010809
202207010810
202207010811
202207010812
202207010901
202207010902
202207010903
202207010904
202207010905
202207010906
202207010907
202207010908
202207010909
202207010910
202207010911
202207010912
202207011001
202207011002
202207011003
202207011004
202207011005
202207011006
202207011007
202207011008
202207011009
202207011010
202207011011
202207011012
202207011101
202207011102
202207011103
202207011104
202207011105
202207011106
202207011107
202207011108
202207011109
202207011110
202207011111
202207011112
202207011201
202207011202
202207011203
202207011204
202207011205
202207011206
202207011207
202207011208
202207011209
202207011210
202207011211
202207011212
202207020101
202207020102
202207020103
202207020104
202207020105
202207020106
202207020107
202207020108
202207020109
202207020110
202207020111
202207020112
202207020201
202207020202
202207020203
202207020204
202207020205
202207020206
202207020207
202207020208
202207020209
202207020210
202207020211
202207020212
202207020301
202207020302
202207020303
202207020304
202207020305
202207020306
202207020307
202207020308
202207020309
202207020310
202207020311
202207020312
202207020401
202207020402
202207020403
202207020404
202207020405
202207020406
202207020407
202207020408
202207020409
202207020410
202207020411
202207020412
202207020501
202207020502
202207020503
202207020504
202207020505
202207020506
202207020507
202207020508
202207020509
202207020510
202207020511
202207020512
202207020601
202207020602
202207020603
202207020604
202207020605
202207020606
202207020607
202207020608
202207020609
202207020610
202207020611
202207020612
202207030101
202207030102
202207030103
202207030104
202207030105
202207030106
202207030107
202207030108
202207030109
202207030110
202207030111
202207030112
202207030201
202207030202
202207030203
202207030204
202207030205
202207030206
202207030207
202207030208
202207030209
202207030210
202207030211
202207030212
202207030301
202207030302
202207030303
202207030304
202207030305
202207030306
202207030307
202207030308
202207030309
202207030310
202207030311
202207030312
202207030401
202207030402
202207030403
202207030404
202207030405
202207030406
202207030407
202207030408
202207030409
202207030410
202207030411
202207030412
202207030501
202207030502
202207030503
202207030504
202207030505
202207030506
202207030507
202207030508
202207030509
202207030510
202207030511
202207030512
202207030601
202207030602
202207030603
202207030604
202207030605
202207030606
202207030607
202207030608
202207030609
202207030610
202207030611
202207030612
202207030701
202207030702
202207030703
202207030704
202207030705
202207030706
202207030707
202207030708
202207030709
202207030710
202207030711
202207030712
202207030801
202207030802
202207030803
202207030804
202207030805
202207030806
202207030807
202207030808
202207030809
202207030810
202207030811
202207030812
202207040101
202207040102
202207040103
202207040104
202207040105
202207040106
202207040107
202207040108
202207040109
202207040110
202207040111
202207040112
202207040201
202207040202
202207040203
202207040204
202207040205
202207040206
202207040207
202207040208
202207040209
202207040210
202207040211
202207040212
202207040301
202207040302
202207040303
202207040304
202207040305
202207040306
202207040307
202207040308
202207040309
202207040310
202207040311
202207040312
202207040401
202207040402
202207040403
202207040404
202207040405
202207040406
202207040407
202207040408
202207040409
202207040410
202207040411
202207040412
202207050101
202207050102
202207050103
202207050104
202207050105
202207050106
202207050107
202207050108
202207050109
202207050110
202207050111
202207050112
202207050201
202207050202
202207050203
202207050204
202207050205
202207050206
202207050207
202207050208
202207050209
202207050210
202207050211
202207050212
202207050301
202207050302
202207050303
202207050304
202207050305
202207050306
202207050307
202207050308
202207050309
202207050310
202207050311
202207050312
202207050401
202207050402
202207050403
202207050404
202207050405
202207050406
202207050407
202207050408
202207050409
202207050410
202207050411
202207050412
202207050501
202207050502
202207050503
202207050504
202207050505
202207050506
202207050507
202207050508
202207050509
202207050510
202207050511
202207050512
202207050601
202207050602
202207050603
202207050604
202207050605
202207050606
202207050607
202207050608
202207050609
202207050610
202207050611
202207050612
202207050701
202207050702
202207050703
202207050704
202207050705
202207050706
202207050707
202207050708
202207050709
202207050710
202207050711
202207050712
202207050801
202207050802
202207050803
202207050804
202207050805
202207050806
202207050807
202207050808
202207050809
202207050810
202207050811
202207050812
202207050901
202207050902
202207050903
202207050904
202207050905
202207050906
202207050907
202207050908
202207050909
202207050910
202207050911
202207050912
202207060101
202207060102
202207060103
202207060104
202207060105
202207060106
202207060107
202207060108
202207060109
202207060110
202207060111
202207060112
202207060201
202207060202
202207060203
202207060204
202207060205
202207060206
202207060207
202207060208
202207060209
202207060210
202207060211
202207060212
202207060301
202207060302
202207060303
202207060304
202207060305
202207060306
202207060307
202207060308
202207060309
202207060310
202207060311
202207060312
202207060401
202207060402
202207060403
202207060404
202207060405
202207060406
202207060407
202207060408
202207060409
202207060410
202207060411
202207060412
202207060501
202207060502
202207060503
202207060504
202207060505
202207060506
202207060507
202207060508
202207060509
202207060510
202207060511
202207060512
202207060601
202207060602
202207060603
202207060604
202207060605
202207060606
202207060607
202207060608
202207060609
202207060610
202207060611
202207060612
202209010101
202209010102
202209010103
202209010104
202209010105
202209010106
202209010107
202209010108
202209010109
202209010110
202209010111
202209010112
202209010201
202209010202
202209010203
202209010204
202209010205
202209010206
202209010207
202209010208
202209010209
202209010210
202209010211
202209010212
202209010301
202209010302
202209010303
202209010304
202209010305
202209010306
202209010307
202209010308
202209010309
202209010310
202209010311
202209010312
202209010401
202209010402
202209010403
202209010404
202209010405
202209010406
202209010407
202209010408
202209010409
202209010410
202209010411
202209010412
202209010501
202209010502
202209010503
202209010504
202209010505
202209010506
202209010507
202209010508
202209010509
202209010510
202209010511
202209010512
202209010601
202209010602
202209010603
202209010604
202209010605
202209010606
202209010607
202209010608
202209010609
202209010610
202209010611
202209010612
202209010701
202209010702
202209010703
202209010704
202209010705
202209010706
202209010707
202209010708
202209010709
202209010710
202209010711
202209010712
202209010801
202209010802
202209010803
202209010804
202209010805
202209010806
202209010807
202209010808
202209010809
202209010810
202209010811
202209010812
202209010901
202209010902
202209010903
202209010904
202209010905
202209010906
202209010907
202209010908
202209010909
202209010910
202209010911
202209010912
202209011001
202209011002
202209011003
202209011004
202209011005
202209011006
202209011007
202209011008
202209011009
202209011010
202209011011
202209011012
202209011101
202209011102
202209011103
202209011104
202209011105
202209011106
202209011107
202209011108
202209011109
202209011110
202209011111
202209011112
202209011201
202209011202
202209011203
202209011204
202209011205
202209011206
202209011207
202209011208
202209011209
202209011210
202209011211
202209011212
202209020101
202209020102
202209020103
202209020104
202209020105
202209020106
202209020107
202209020108
202209020109
202209020110
202209020111
202209020112
202209020201
202209020202
202209020203
202209020204
202209020205
202209020206
202209020207
202209020208
202209020209
202209020210
202209020211
202209020212
202209020301
202209020302
202209020303
202209020304
202209020305
202209020306
202209020307
202209020308
202209020309
202209020310
202209020311
202209020312
202209020401
202209020402
202209020403
202209020404
202209020405
202209020406
202209020407
202209020408
202209020409
202209020410
202209020411
202209020412
202209020501
202209020502
202209020503
202209020504
202209020505
202209020506
202209020507
202209020508
202209020509
202209020510
202209020511
202209020512
202209020601
202209020602
202209020603
202209020604
202209020605
202209020606
202209020607
202209020608
202209020609
202209020610
202209020611
202209020612
202209020701
202209020702
202209020703
202209020704
202209020705
202209020706
202209020707
202209020708
202209020709
202209020710
202209020711
202209020712
202209020801
202209020802
202209020803
202209020804
202209020805
202209020806
202209020807
202209020808
202209020809
202209020810
202209020811
202209020812
202209020901
202209020902
202209020903
202209020904
202209020905
202209020906
202209020907
202209020908
202209020909
202209020910
202209020911
202209020912
202209021001
202209021002
202209021003
202209021004
202209021005
202209021006
202209021007
202209021008
202209021009
202209021010
202209021011
202209021012
202209021101
202209021102
202209021103
202209021104
202209021105
202209021106
202209021107
202209021108
202209021109
202209021110
202209021111
202209021112
202209021201
202209021202
202209021203
202209021204
202209021205
202209021206
202209021207
202209021208
202209021209
202209021210
202209021211
202209021212
202209030101
202209030102
202209030103
202209030104
202209030105
202209030106
202209030107
202209030108
202209030109
202209030110
202209030111
202209030112
202209030201
202209030202
202209030203
202209030204
202209030205
202209030206
202209030207
202209030208
202209030209
202209030210
202209030211
202209030212
202209030301
202209030302
202209030303
202209030304
202209030305
202209030306
202209030307
202209030308
202209030309
202209030310
202209030311
202209030312
202209030401
202209030402
202209030403
202209030404
202209030405
202209030406
202209030407
202209030408
202209030409
202209030410
202209030411
202209030412
202209040101
202209040102
202209040103
202209040104
202209040105
202209040106
202209040107
202209040108
202209040109
202209040110
202209040111
202209040112
202209040201
202209040202
202209040203
202209040204
202209040205
202209040206
202209040207
202209040208
202209040209
202209040210
202209040211
202209040212
202209040301
202209040302
202209040303
202209040304
202209040305
202209040306
202209040307
202209040308
202209040309
202209040310
202209040311
202209040312
202209040401
202209040402
202209040403
202209040404
202209040405
202209040406
202209040407
202209040408
202209040409
202209040410
202209040411
202209040412
202209040501
202209040502
202209040503
202209040504
202209040505
202209040506
202209040507
202209040508
202209040509
202209040510
202209040511
202209040512
202209040601
202209040602
202209040603
202209040604
202209040605
202209040606
202209040607
202209040608
202209040609
202209040610
202209040611
202209040612
202209040701
202209040702
202209040703
202209040704
202209040705
202209040706
202209040707
202209040708
202209040709
202209040710
202209040711
202209040712
202209040801
202209040802
202209040803
202209040804
202209040805
202209040806
202209040807
202209040808
202209040809
202209040810
202209040811
202209040812
202209040901
202209040902
202209040903
202209040904
202209040905
202209040906
202209040907
202209040908
202209040909
202209040910
202209040911
202209040912
202209050101
202209050102
202209050103
202209050104
202209050105
202209050106
202209050107
202209050108
202209050109
202209050110
202209050111
202209050112
202209050201
202209050202
202209050203
202209050204
202209050205
202209050206
202209050207
202209050208
202209050209
202209050210
202209050211
202209050212
202209050301
202209050302
202209050303
202209050304
202209050305
202209050306
202209050307
202209050308
202209050309
202209050310
202209050311
202209050312
202209050401
202209050402
202209050403
202209050404
202209050405
202209050406
202209050407
202209050408
202209050409
202209050410
202209050411
202209050412
202209050501
202209050502
202209050503
202209050504
202209050505
202209050506
202209050507
202209050508
202209050509
202209050510
202209050511
202209050512
202209050601
202209050602
202209050603
202209050604
202209050605
202209050606
202209050607
202209050608
202209050609
202209050610
202209050611
202209050612
202209050701
202209050702
202209050703
202209050704
202209050705
202209050706
202209050707
202209050708
202209050709
202209050710
202209050711
202209050712
202209050801
202209050802
202209050803
202209050804
202209050805
202209050806
202209050807
202209050808
202209050809
202209050810
202209050811
202209050812
202209060101
202209060102
202209060103
202209060104
202209060105
202209060106
202209060107
202209060108
202209060109
202209060110
202209060111
202209060112
202209060201
202209060202
202209060203
202209060204
202209060205
202209060206
202209060207
202209060208
202209060209
202209060210
202209060211
202209060212
202209060301
202209060302
202209060303
202209060304
202209060305
202209060306
202209060307
202209060308
202209060309
202209060310
202209060311
202209060312
202209060401
202209060402
202209060403
202209060404
202209060405
202209060406
202209060407
202209060408
202209060409
202209060410
202209060411
202209060412
202209060501
202209060502
202209060503
202209060504
202209060505
202209060506
202209060507
202209060508
202209060509
202209060510
202209060511
202209060512
202209060601
202209060602
202209060603
202209060604
202209060605
202209060606
202209060607
202209060608
202209060609
202209060610
202209060611
202209060612
202209060701
202209060702
202209060703
202209060704
202209060705
202209060706
202209060707
202209060708
202209060709
202209060710
202209060711
202209060712
202209060801
202209060802
202209060803
202209060804
202209060805
202209060806
202209060807
202209060808
202209060809
202209060810
202209060811
202209060812
202209060901
202209060902
202209060903
202209060904
202209060905
202209060906
202209060907
202209060908
202209060909
202209060910
202209060911
202209060912
202210010101
202210010102
202210010103
202210010104
202210010105
202210010106
202210010107
202210010108
202210010109
202210010110
202210010111
202210010112
202210010201
202210010202
202210010203
202210010204
202210010205
202210010206
202210010207
202210010208
202210010209
202210010210
202210010211
202210010212
202210010301
202210010302
202210010303
202210010304
202210010305
202210010306
202210010307
202210010308
202210010309
202210010310
202210010311
202210010312
202210010401
202210010402
202210010403
202210010404
202210010405
202210010406
202210010407
202210010408
202210010409
202210010410
202210010411
202210010412
202210010501
202210010502
202210010503
202210010504
202210010505
202210010506
202210010507
202210010508
202210010509
202210010510
202210010511
202210010512
202210010601
202210010602
202210010603
202210010604
202210010605
202210010606
202210010607
202210010608
202210010609
202210010610
202210010611
202210010612
202210010701
202210010702
202210010703
202210010704
202210010705
202210010706
202210010707
202210010708
202210010709
202210010710
202210010711
202210010712
202210010801
202210010802
202210010803
202210010804
202210010805
202210010806
202210010807
202210010808
202210010809
202210010810
202210010811
202210010812
202210020101
202210020102
202210020103
202210020104
202210020105
202210020106
202210020107
202210020108
202210020109
202210020110
202210020111
202210020112
202210020201
202210020202
202210020203
202210020204
202210020205
202210020206
202210020207
202210020208
202210020209
202210020210
202210020211
202210020212
202210020301
202210020302
202210020303
202210020304
202210020305
202210020306
202210020307
202210020308
202210020309
202210020310
202210020311
202210020312
202210020401
202210020402
202210020403
202210020404
202210020405
202210020406
202210020407
202210020408
202210020409
202210020410
202210020411
202210020412
202210020501
202210020502
202210020503
202210020504
202210020505
202210020506
202210020507
202210020508
202210020509
202210020510
202210020511
202210020512
202210020601
202210020602
202210020603
202210020604
202210020605
202210020606
202210020607
202210020608
202210020609
202210020610
202210020611
202210020612
202210030101
202210030102
202210030103
202210030104
202210030105
202210030106
202210030107
202210030108
202210030109
202210030110
202210030111
202210030112
202210030201
202210030202
202210030203
202210030204
202210030205
202210030206
202210030207
202210030208
202210030209
202210030210
202210030211
202210030212
202210030301
202210030302
202210030303
202210030304
202210030305
202210030306
202210030307
202210030308
202210030309
202210030310
202210030311
202210030312
202210030401
202210030402
202210030403
202210030404
202210030405
202210030406
202210030407
202210030408
202210030409
202210030410
202210030411
202210030412
202210030501
202210030502
202210030503
202210030504
202210030505
202210030506
202210030507
202210030508
202210030509
202210030510
202210030511
202210030512
202210030601
202210030602
202210030603
202210030604
202210030605
202210030606
202210030607
202210030608
202210030609
202210030610
202210030611
202210030612
202210030701
202210030702
202210030703
202210030704
202210030705
202210030706
202210030707
202210030708
202210030709
202210030710
202210030711
202210030712
202210030801
202210030802
202210030803
202210030804
202210030805
202210030806
202210030807
202210030808
202210030809
202210030810
202210030811
202210030812
202210040101
202210040102
202210040103
202210040104
202210040105
202210040106
202210040107
202210040108
202210040109
202210040110
202210040111
202210040112
202210040201
202210040202
202210040203
202210040204
202210040205
202210040206
202210040207
202210040208
202210040209
202210040210
202210040211
202210040212
202210040301
202210040302
202210040303
202210040304
202210040305
202210040306
202210040307
202210040308
202210040309
202210040310
202210040311
202210040312
202210040401
202210040402
202210040403
202210040404
202210040405
202210040406
202210040407
202210040408
202210040409
202210040410
202210040411
202210040412
202210040501
202210040502
202210040503
202210040504
202210040505
202210040506
202210040507
202210040508
202210040509
202210040510
202210040511
202210040512
202210040601
202210040602
202210040603
202210040604
202210040605
202210040606
202210040607
202210040608
202210040609
202210040610
202210040611
202210040612
202210040701
202210040702
202210040703
202210040704
202210040705
202210040706
202210040707
202210040708
202210040709
202210040710
202210040711
202210040712
202210040801
202210040802
202210040803
202210040804
202210040805
202210040806
202210040807
202210040808
202210040809
202210040810
202210040811
202210040812
