20240106
20240107
20240113
20240114
20240120
20240121
20240127
20240128
20240203
20240204
20240210
20240211
20240217
20240218
20240224
20240225
20240302
20240303
20240303
20240309
20240310
20240316
20240317
20240323
20240324
20240330
20240331
20240406
20240407
20240413
20240414
20240420
20240421
20240427
20240428
20240504
20240505
20240511
20240512
20240518
20240519
20240525
20240526
20240601
20240602
20240608
20240609
20240615
20240616
20240622
20240623
20240629
20240630
20240706
20240707
20240713
20240714
20240720
20240721
20240727
20240728
20240803
20240804
20240810
20240811
20240817
20240818
20240824
20240825
20240831
20240901
20240907
20240908
20240914
20240915
20240921
20240922
20240928
20240929
20241005
20241006
20241012
20241013
20241019
20241020
20241026
20241027
20241102
20241103
20241109
20241110
20241116
20241117
20241123
20241124
20241130
20241201
20241207
20241208
20241214
20241215
20241221
20241222
20241228